$ANSIBLE_VAULT;1.1;AES256
61383037393465653662363939383566613731313235383763386232353734323763313935396435
6363373237366265303962316563666364633030383864630a323332313836393234396161303766
62353765386639363035346533333539653664626330343962363338326432353230346664353363
6161356462326432300a363630386365643762313239346432323761346533623937613664363234
61653034373665306461303662613539343566336232636334353065313931393466646639313161
32326437353933373735613439356336613562663261306363323431316362373636343066636330
34623038636665336231643030393963333637336564353435656233373761303231633138363432
37326331323438643037393865386436336435346639396232326664646363613861333465613464
37623530613432633634336431616565613038656636643961303739303465323934623630363062
38623030666264633138633339653433613431373462316139393434653933316632366634643562
65323039323233626430316131356464313038616537343637303438343838323531666237313934
64633531333630326466306134373738306435663333363062316561636564303339373062393239
38373265376136336531623761393565323231396535633834323734663162323230353062613237
61346165613964643937353464636434366536356236343732636164626639373434323335653461
65326663363861643038396166373562356466636461303731333136333730623366323631346537
32363537613566653736373366386230373238636130323666373762636661643330623662346534
66316535316339633137303333353136383666613338323065373134663732373263346263613762
32333965353763316239326639353866393362653162666261363338383133336134353531343738
32616462623063343761366130323431316630636436316339343930643135393931363861326633
65373037313865323437643639393538316336366237336638656339373637666332613331633663
32646436333130616662313364653635663764306262656339373237633161363036396463663534
32313832356466633063643364656233353638643865333661313539613262633030643439633130
39383239346161626438326661653864346631643634323130643330623038613263353762343638
64633064376536373936616138653932613631616364383838393937303963306165623761326332
32633633663533393562346565303761363066656434313734653861626661663536323162383930
36333265326662636539646462393166313063336439336436333566646632643463336165333065
66376132353665336661366334363561623561623463363333643430366562646631383432376238
62623466336132353764363632653662373866313666353062383263663563633536313130396263
30396662363434326131633236623330326131363766653833376230613864656436656164663636
38343965396439383461623336643934633639323339333338356137653966323136353765303562
39653961303331666535643864316663636434633930306265303032376232376362336231353565
35363438323464356237613936376266643330643731303762633436663861343132666438326562
64386532663362393263373365666438353834396661346665393637336630663235646663383832
37633962386261303439356131323538323465613137356466643762616539666336386233626231
35303534383130323563376234613265626364303439343039656232663763643931656637643731
66633130323165376535373532633432653437316362393031643362373431633934393032373863
38386635303132383062346663663461613661383261336331633338313765393032313531383730
61353461303661323866383634363335303533363835333132393262363264663431333636376365
39353931623234356335663134383461356561656563373365633364623065333835663831653031
34656662323064353733386434663136663266373131326531613030333632613438356139393162
63666136663465366535663665663361346565383631643430623234643066636535363836373636
65616666333463616535323065656164313531643230383839666466313233353438323339613335
66303564366361663732383935396263353332396430346366613830306231383163346639333932
37396632623539343830663538323132313731353566613061396633656237613963656533363535
37323665306465366561316436656263643539356461343565366535326632643263316666386266
66323565326431623563656262646530353131663666393932386364386338383665306363633164
62323739346465643165353765623762396264383665353662623261363437363165636331623538
66373165343236383530616131353665353439666632613436663036653962303661636565306438
64366533636334646366323339623762313364663633383662396531306463636166653932663963
65313464383638653363306331623336376361336134636165653334326631333932376664383265
66666431663136336138616334366361333330306533346165366232373139383561306636366330
33653762393131353462663330616261623761613766386535316261666235336634393764346463
34633631303234373364613735633232643833393236343335653538366235656335373334303461
38656166336662626432656233366638343739366439643735656239613264363636343638636535
63373937303638366336376436303239343232316135383738313536616363373635643839306265
39643931393965323436613163373432636365383832363837356662643336373939316334616535
34356164613734366234363762636666313963653438633636383361653366633162623065613162
38343539343763363061313162383233616264653636366665666262343932373866353834363834
65366334643930383736376438323930636264636562323861353733303962623134343531376634
35333938373630343663643232623036366466663464616430623235636138343664633033613930
38646230316134393631393834646433376165646439353161373963653136333039383139363264
66396632633837646334353233666131363566373333316261376231303266346163336464346465
62326135653461366538383764356661643163383232623366313864613763333531313336343064
62663533663461623737663530323735646239326338363632343061326266343361616433623133
36636138303666336638353566363830336266616563316133643238313431656239623266663030
39366532386137333333376439393636356632663534383937343164323433663066316561386231
33343437366661653531303366616630316433663937383434383338343337313935363236653065
64623863663436353136313430383662646636306664623131393536343939303737383537626537
35343166376536643766623831626463373336343163333136353638393039643761333139313461
30343831313065643438313530653431623635626435653065353761356636306631373832626338
64326562663130643833396333326436663030353362323438633231306532653862306338646632
34323735353830306539643837383163353039303732636662616635363962623361373362353838
37306663623161393133633838346236656239396538663666623738376161353862306531396663
38356133306635333133643833356339373232656664336366303031393631663763303034356331
63303164656165363566323836306633336366373630383434636565623237313466353934633230
33623566313336656461326236363466366332366537643535333039396366313261356363613937
35663363393864636332393865313665323164373831373564323831346363313235643065616664
30353962363166323630343439613838656535666332633035623662376366316336633263326439
37376134306133633461393164353563336332353839393935623838636635626132313061333936
33303437353063656633653031616165353830343362343335383737643836313566663863653135
32653866656364333066616534633366666239393235353635363362623230353961613238393636
36383738613966363139313834626564363939323334623234323765353637376562316534366134
63373561303665643765343631373333633663636134653561396230333166336237643862633664
61623834383732646466366261646336326365336439376563653066396562346264383336323936
64363462306565633065666261666564663537316535393563343535653236306561353435386161
64333237383834343465306262356137356561383265623335303738393339336235613134616365
65616161396435353438306334393161386433313135306266613330643362356664656631626537
35636637613433316536623638633639363635393936663738663464313436323138643936616365
34363165376237393437323534313631613332653835303433366566666239373836633632616534
61333236613839363435316561363036623164316264613534613133356434346466323138636431
35393063636637343031316363633561316330353238366130643231643431363336363161356463
61306639623461316638366136393637376230306265663332373437323037633561666562363930
38623234363361396337306630366564373561383465303230376332333631656536626534633938
38636137333930616236633933613962356566663633303830396339623835353231653762336236
30366462326432303236643134336536333636663835633837656232656466646235393165396531
39373434303537666132323734303336613735636535316561366638386463356237353461306538
64303733343561653434663763323364393432623533653530353864313066383034643164653838
38616638666632663835383738386134663237666666366533646535643134636530613339653262
65633435663263643466313632386464326637393131633839323664316164663030653936316663
62663832363331623033326435666237353432386333313661663861326464393832383431346336
34613737323538623364366532653230303366336535393165383165303661623766376662376233
37383537323465626333313136346665396337633461666339376261656335333438333064663462
37326235346362393432656364323636623566643430646239326263356264323965373563323366
38666639383731636162353231396232656362626265376262326336396632376565313561356262
38323865666166363164393830386565383163373236386664316238333138373434636561343931
32336566313332343964333031663664653238353134363932626539313461646235633263323936
64306662653836336362386464336638653362653361633833663532353738323832396562396361
64653332383962353733363933623461393465313337326662653638346563623438336231653935
30643032313735633037616136346331376266653439623030316337616331663231646265663233
65343663306133656439303839653031633063613233333630643132656264666635383830346236
38356135396464356431666330353431666464656431303533383662333561306536653639383132
36313633333164626530333036666633396334383166393332633138363362313238343538346533
63653538626138323731663235316238656265383432356362303231343564366663333661663236
39633436636261306365393030653238643434326639616637303833333439353335313662356133
66656261613166646666383932653261353239613162353462313333383063353930616431633862
32303230303939396135613066326631633630363965366466666337356565353461646535356566
64373933326532353437336361303534616366633962313963663835643565633264316635343938
33636361343466663863336637653239336334646536343831316334343762616630646438306233
62303832653433363132663062336236356339396464376665646439653364336564336332313033
62663432336561643533373863376330643061353632343936373339396661343336663131653663
37383462643030303134646261313330613638396361646138393737626530613165656165306138
37356539666334373866323830333433336130353337316233343462303964623130343161633162
38313032386633643933393731313165613965663633323466316231373232653336386234323665
37626535363835333263343037653534346339666430303163613335633164346335393966336334
32303638353638343936366339623466323839346434633837323630373432303262363930626331
63326234363662656435663239313066396337336531363936383438663965353165386335396233
39666530656436396633306664623234313636313263306662653162613334396261386231396162
35363134636563386534653231636639656230396236386231353135383339623736313037613732
62326331356138653339313433333264343137653337353232633436326464386361623834613261
33373763313862363639646462656634653166356239396337393861363637636463303866613735
34623634383834306632623130636662656538346635343833613865623062313838656364653938
64343133646530303534336438316663623763316139666565346166313032623863313338356236
62323164303835343939383363666366623465636365313531333639366231616437313135353137
6234323562323431343537316364383432393331613031656361
